    9.27    1.88
    4.76   12.35
    7.69    2.91
     6.3   33.11
    4.96    6.96
    6.52     8.8
    8.13       0
     6.9    3.92
    4.85   36.62
    5.21    7.82
    2.35   14.64
    3.59    9.92
     2.7   19.14
    4.03   26.21
    5.57    5.92
    5.71     3.9
     6.6     7.2
    2.37    53.4
       6    4.04
       2   28.07
    6.67       0
    8.72    1.67
    4.38    6.39
    6.67   33.33
    2.86   20.51
       0   30.11
       0   53.33
    7.83    0.21
       7    1.75
      10   15.39
       0   20.29
    5.48    8.07
     2.5   44.44
       0   66.67
       0   66.67
    1.88    3.92
    8.44    0.52
    8.23    0.45
       0   13.33
     7.5       0
    3.82       0
    7.62       0
    7.27       0
    5.94       0
    6.61    7.28
    3.51   16.59
       2       0
    7.73       0
       0       0
    5.52    0.02
       0   33.33
    8.08       0
    6.56    0.12
    1.76    1.38
    9.56       0
       2   10.67
    2.67    1.96
    0.58       0
     8.8       0
       9       0
    5.83       0
    6.45     2.9
    6.09    0.07
    8.83    0.55
    3.85     3.1
    1.85     4.6
       9       0
    7.23    3.57
    3.53       0
    9.49       0
    7.48       0
    3.33       0
       0   51.28
    7.61    9.75
    2.86   18.18
      10       0
    9.06       0
     2.5    6.06
    6.97     0.1
    5.07       0
    1.25   14.82
       0       0
    8.34       0
    8.06       0
       0       0
       0       0
    3.13       0
    7.81       0
    8.52       0
    9.09       0
    3.96       0
     7.4       0
    1.36    1.47
    6.69    0.35
     3.3       0
    2.27    0.31
    2.27   14.43
    1.46    8.93
    6.01    1.06
    5.32    4.18
    0.07       0
    0.03       0
       0       0
       0       0
       0       0
    0.13       0
    0.16       0
    0.17       0
    0.16       0
    0.16    3.05
    0.49    1.63
       0    1.28
     3.7    1.94
    0.31       0
       0       0
    0.16       0
       0       0
       0       0
    0.03       0
    0.24       0
    1.43       0
     1.6    0.54
    2.43     0.2
    1.16       0
    1.33       0
    4.24    1.57
    7.67    0.54
    0.48   19.89
     8.3    0.77
       0    5.69
    0.01    3.47
    0.71       0
    0.02       0
    0.01       0
     3.6       0
    1.48       0
    1.94    2.98
    1.46    7.62
       0       0
       0    0.23
       0       0
       0    3.22
       0       0
       0       0
    0.02       0
    0.06       0
     7.5       0
    3.63   12.55
    5.19     1.8
    0.82    5.13
    1.52    9.16
       0       0
       0       0
       0       0
     3.4       0
    6.41       0
    7.52    1.42
       0    0.06
       0       0
       0       0
       0    0.15
       0       0
    3.55       0
       0    0.55
    0.01       0
       0       0
       0       0
       0       0
       0    1.98
       0       0
       0    0.64
       0       0
    2.63       0
       0       0
    1.67    7.41
    4.41       0
       0   43.38
       0    8.97
       0    7.17
       0       0
       0       0
       0       0
    3.01    6.36
    2.66   16.52
       0    30.7
       0      20
    0.26    36.6
       0    13.7
       0    40.3
       0   22.34
       0    6.74
    9.05       0
       5       0
    5.43    4.16
       0       0
       0       0
       0    7.11
       0    8.37
       0    7.47
       0    0.73
       0       0
     2.5       0
    4.74       0
       0       0
    8.79     0.9
    1.05   30.67
       0       0
       0    18.3
       0   29.73
       0       0
       0    3.53
       0   24.73
       0      50
     2.8    2.44
     1.7       0
    6.16       0
    1.43   15.69
    8.18       0
       0   14.57
       0    5.56
    8.83       0
    6.67       0
       0    1.46
    5.15       0
       0       0
       0       0
    6.55       0
       0       0
    1.67       0
    0.27       0
    0.18       0
    6.82       0
       0       0
       0       0
    9.12       0
       0    3.33
       0       0
    6.99       0
    5.66    3.93
    2.34   46.73
       0       0
    3.33       0
    0.77       0
    2.81       0
     8.7       0
    1.19   14.62
    0.51   31.83
       0       0
    3.33       0
       0   22.22
       0       0
       0       0
       0       0
     0.5   34.34
    6.56       0
    1.14   26.59
       0       0
    8.33       0
    9.15       0
       0       0
    6.76       0
       0       0
    5.46    25.4
       0    3.77
    8.75    7.41
       0       0
       0   40.38
    6.67   25.64
    3.13   32.19
    3.33   28.57
       0       0
       0     2.9
       0    0.53
       0       0
       0       0
    2.22       0
    4.84    3.81
       0       0
    6.58       0
    8.57       0
     9.1    0.13
    7.54    0.21
       0       0
    0.29       0
    7.96    0.27
    9.35       0
    2.98    8.27
       0       0
    0.09       0
       0       0
    2.53       0
       0       0
       0       0
       0       0
       0       0
    6.13       0
    4.16       0
       0       0
    6.42       0
       0   40.48
       0       0
       0       0
       0       0
     2.5       0
       0    6.44
    4.29    4.24
    7.37    0.77
    4.08    2.82
    8.67       0
       0       0
       0       0
    0.38    40.2
       0   22.22
       0       0
       0       0
    5.67       0
    7.12       0
    8.86       0
    7.14       0
       0       0
    0.18       0
       0       0
    2.97       0
       5       0
    7.34       0
    4.78     1.5
      10       0
       0   28.48
    1.63    4.44
       0       0
       0       0
     3.7       0
    2.41    3.64
    5.31    0.64
       0   25.73
    4.02    0.24
       0   13.33
    9.29       0
    8.89       0
       0   37.63
    1.84   28.12
       0    1.51
    0.01    0.77
       0    3.87
    6.07       0
       0    1.16
       0       0
    2.81       0
       0       0
    3.79       0
    2.11       0
       0   14.04
       0       0
       0       0
       0       0
       0       0
       0       0
       0       0
       0       0
       0       0
       0       0
       0       0
       0       0
       0    5.67
       0       0
    1.34       0
       0       0
     2.8       0
       0       0
       0       0
    1.47       0
     1.3       0
    3.48       0
     4.8    1.28
       4   14.58
    9.09    3.33
    1.52   36.48
       0       0
       0   66.67
       0       0
       0       0
    2.85       0
    2.62   16.46
       0       0
       0       0
     2.5       0
    4.12     3.7
    7.95     0.9
    8.89    0.58
       0   58.33
    5.23    4.32
     7.7    1.63
       0       0
    2.61   41.73
       0       0
       0       0
    1.49    3.22
       0   57.47
       0       0
       0       0
    1.58    0.35
    8.65    0.61
       0       0
    0.62    3.14
    1.03    3.38
       0       0
    0.83    5.13
     0.4    2.23
    6.54    3.53
    2.92   32.65
       0       0
    5.93    6.67
       0       0
    7.68       0
       0   15.69
       0       0
       0       0
    0.94    0.09
    1.37       0
       0       0
       0       0
    1.34    4.87
    6.84    0.31
       9       0
       0       0
     2.5       0
       0       0
       0   66.67
    8.33       0
       0   66.67
     0.4       0
    5.68    0.14
    3.87    8.69
    0.62       0
       5    0.06
    3.33       0
       0   33.33
    1.38    1.31
    4.44       0
    2.61   26.25
    0.05       0
       0       0
    3.98       0
    7.19       0
    5.78    7.51
    6.85   32.98
    6.63       0
    7.94    8.79
       0       0
       0       0
       0       0
     1.4       0
    2.37    1.91
    3.46   15.13
    2.08   22.32
    6.58    4.61
       0       0
     8.2       0
    7.69    1.59
    0.34       0
     1.6       0
      10   22.22
    5.48    19.2
       0       0
    3.59       0
    4.57    7.05
       0   20.83
    4.54    6.62
    7.94       0
     5.8   12.28
    9.07     0.4
       0       0
    0.59       0
    5.12       0
    7.19    4.76
       0       0
       0   66.67
    8.97    0.91
    8.07    0.43
    3.07    9.66
       0       0
    1.54       0
       0    9.67
       0    3.86
    0.05       0
    6.12     8.3
    6.88       5
       0    0.53
       0    5.22
     0.2       0
    0.66       0
    3.67    2.94
    9.04       0
    4.55       0
    5.32    5.45
    5.59   16.67
       0       0
    9.47       1
       0       0
    1.64    6.12
    8.15    0.46
       0    3.27
       0       0
    0.53       0
       0       0
       0       0
    0.61   39.54
       0    3.92
       0   21.25
       0       0
       0       0
    0.15       0
    7.09    0.68
    1.05   33.74
       0       0
    2.25   28.23
       0       0
       0       0
       0       0
       0       0
       0       0
       4   33.33
    0.45   41.12
    0.78    3.65
    2.18   24.18
       0       0
    0.85    2.69
    4.27       0
       0   35.56
       0   66.67
    6.67   25.29
    9.33       0
    1.43       0
       0       0
       0       0
    8.04    2.38
       0       0
       0    7.32
       0       0
    2.86       0
    1.05     0.3
       0       0
    0.64    0.25
       0   66.67
    1.25   22.44
       2   22.22
       5       0
     6.6    2.85
       0       0
       0       0
    1.59   14.82
    3.23       0
       0       0
       0       0
       8       0
       0       0
       0       0
       0       0
       0       0
       0       0
       0       0
       0       0
       0       0
       0       0
       0       1
       0    0.12
       0       0
       0       0
       0       0
       0       0
       0    0.23
       0       0
       0       0
    0.19       0
       0       0
    3.33   44.44
    0.02       0
       0       0
       0       0
       0       0
    5.39       0
    7.02       0
    6.83    8.14
    2.63    3.18
    4.12   28.28
    3.49   39.74
       0   37.04
       0       0
    9.15       0
       0       0
       0   50.51
    0.01       0
    8.38       0
    8.72    2.72
    9.53       0
       0       0
    0.12       0
    0.11       0
    0.25    0.73
       0   11.11
       0       0
    0.74       0
    2.16       0
    5.32       0
       8       0
    8.86    0.54
    0.02       0
       0       0
     0.3       0
    0.23    2.22
    3.89       0
    3.47       0
       7    7.79
    7.14    3.33
    1.05   14.82
     0.2       0
     0.5       0
       2   16.67
    5.42    7.62
       0       0
    5.32   26.81
    2.26       0
    0.47       0
       0       0
       0       0
    6.96       0
       0   11.11
       0       0
       0   23.26
       0       0
       0       0
       0       0
    8.21    0.81
       0       0
    8.76       0
    5.56       0
       0       0
       0       0
       0    5.23
    4.15    4.34
    2.86   14.29
    6.25       0
      10       0
     0.4    2.56
       0   44.44
    4.69    3.46
       0       0
       0       0
     3.3   19.55
    2.87       0
       0       0
       0       0
    0.27    5.39
     9.5       0
    7.74       0
    0.69    9.65
    0.62       0
    0.67    3.84
    2.84       0
    0.18       0
    6.67    2.67
       0       0
    0.42    3.56
       0       0
    3.33    5.56
    0.71       0
    0.83   37.04
       0       0
    6.25       0
       0   66.67
       0   33.33
     4.5   13.33
    9.57       0
       0       0
       0   66.67
       0   66.67
       0   66.67
       0       0
       0       0
    3.33       0
       0       0
       0   33.33
    7.04    2.08
       0       0
       0       0
       0       0
       0       0
     8.7       0
    9.19    1.36
       0       0
    9.66       0
    8.87    0.34
    5.91    4.06
       0       0
     8.7       0
    8.33       0
    6.84    2.37
       8       0
    1.92   20.09
      10       0
       1       0
    4.44    5.19
       0       0
    5.24       0
    6.63    0.16
    8.57       0
    6.67       0
    6.15   12.12
    3.75    1.21
     5.3    2.49
    7.68       0
       0       0
     4.8       0
       0       0
       0       0
       0       0
       0       0
    3.33   25.44
       0       0
    1.92    23.4
    1.67    5.39
       0       0
       0       0
    1.56       0
     7.6    0.16
    2.53    3.54
    4.45       0
    5.39   14.17
    0.02       0
    2.55    0.06
    8.16    4.41
    8.44       0
    8.57       0
     9.5       0
       0       0
    9.74       0
       0       0
    4.71       0
    8.82    1.11
     1.3       0
    0.61    0.89
       0       0
    6.21       0
    1.28       0
    6.75     0.5
    9.52       0
       0       0
       0   66.67
       5       0
    5.83    7.65
       0       0
    4.82    5.69
    7.24    3.26
     4.4    9.74
       0       0
    0.06    3.55
    0.03    8.45
    7.43     1.8
    0.17    5.02
     7.3    0.49
    3.33       0
    3.33       0
    8.53    0.57
    3.42       8
       0    5.43
    8.66    0.45
       5       0
       0   19.75
     9.2       0
    8.29    0.73
    8.81    0.54
    9.87       0
    3.28      38
    9.58    0.33
    1.77   24.69
    2.17     0.1
    7.29       0
    8.95       2
       0   28.57
       0       0
    9.09       0
    9.77       0
       0       0
    8.67       0
     7.5       0
    7.83     2.7
       0    6.92
    4.14    2.27
       0       0
    9.11     1.5
    6.19       0
    8.67    0.66
    5.81    1.87
    1.67       0
    5.92   20.44
    7.86    6.44
       0       0
    7.24    1.96
      10   22.22
     9.6       0
    9.62    5.06
    8.79    1.65
    8.09     0.1
    8.81    0.74
    5.67   18.24
    6.35    1.64
    5.44    0.26
       0       0
     9.6       0
     5.5    4.61
       6   15.39
    8.75       0
       0       0
      10   11.11
    8.27    1.37
    6.27    0.48
    9.43    1.08
    6.76       0
    7.17       0
    6.67       0
    6.64    2.58
    8.38    6.19
       0   22.22
       0       0
       0   26.67
      10       0
    8.21    2.67
     7.9       0
     8.3    1.39
    3.85       0
    1.83    2.96
    4.35       0
    9.41       0
    7.27   14.29
       5    9.52
    9.04    0.03
    9.38       0
     5.5   25.58
       5       0
    3.84   34.78
    4.88    2.83
    5.63   43.01
    6.58    4.88
    6.67       0
    6.67   20.51
    7.67      25
    9.05    1.01
    1.46    4.76
    3.75       0
    8.94    0.57
    8.07     3.4
       0       0
       0       0
    9.67       0
    1.67    5.13
    9.16       0
    5.46       0
    7.87       0
       0       0
    8.13       0
    9.51    0.03
       7       0
    9.65       0
       0       0
    8.89       0
    8.55    8.47
    6.73    0.25
       0       0
    8.57       0
    7.18    1.92
       0   63.16
       0       0
       5       0
    6.06    1.69
     6.3    8.49
    0.02    2.18
    6.43       0
       5       0
    0.62       0
    0.32       0
       0       0
    0.12    0.12
       0       0
     7.5       0
    3.33       0
       7    0.15
    5.42   12.61
    7.02       0
    1.66   15.23
    0.98   47.17
    5.74   27.73
    5.56    2.84
    3.59   60.96
     2.5       0
    3.61     1.8
       0       0
       0      50
      10   33.33
    5.76    36.2
    6.36       0
       0       0
       0   29.63
    2.77    35.9
     2.2   16.93
     7.5    9.52
    5.32   17.67
    1.12       0
    1.33   34.48
       0       0
     7.5       0
    5.71       0
    7.14       0
       0       0
    1.25       0
    4.21    3.98
       0       0
    1.43       0
    2.86    8.33
    9.02       0
       0       0
       0       0
    2.94    12.7
       5   19.05
       0   44.44
    6.61    2.31
    5.69    5.95
     7.8    2.58
    6.28    2.06
    1.29   49.85
    3.73   19.98
    2.86       0
    0.44    0.91
    0.54     0.1
    4.83       0
       6   11.81
    6.67       0
    9.61       0
    0.31    0.63
     8.4    0.22
      10       0
    6.76    2.65
     5.5    2.36
    7.47     0.1
    7.27       0
    1.11   20.51
    8.75       0
    4.39   12.28
       0       0
    6.15   38.71
       0       0
    1.65       0
       0       0
       0       0
       5    9.52
    2.35     3.6
    0.05       0
    0.09       0
    1.72     0.5
       0       0
    1.91       0
    6.62    4.64
       0       0
       0       0
    9.56       0
    9.24    0.08
    4.79   13.97
    0.63       0
       0       0
       0       0
       0       0
       0       0
    2.35    8.55
       0   66.67
       4   11.11
    6.67       0
       0       0
    0.19    2.87
       0       0
       0       0
    1.01    3.98
    8.41       0
    9.02       0
    6.89    0.37
    3.68       0
    8.76       0
    2.11    2.35
       0       0
    7.46    1.01
    4.35    0.73
    4.89       0
    9.23     0.4
    8.29       0
    5.32       0
    6.29       0
    6.94    1.53
       6       0
       0       0
    8.71       0
       0       0
    1.93       0
    7.94    1.52
    1.04    3.68
    0.97    0.11
    9.79       0
    0.58    0.37
    4.48       0
    6.67       0
    8.43    0.06
     5.5       0
       0       0
    3.59   25.49
       0       0
    4.18    5.28
    3.28   24.13
    1.81   45.24
    3.64    2.69
    6.99     1.7
    2.25   37.15
    2.63   33.33
    5.92   10.83
       7    2.56
    0.91       0
    6.67    4.17
    1.36    20.2
    6.43       0
       0   25.93
    8.28    2.26
    6.67       0
       0   66.67
       0   66.67
    4.68   13.56
       0       0
       0       0
     2.5   22.22
       0       0
    8.76    1.37
      10   10.26
    0.17       0
    0.54       0
    1.11       0
       0       0
       0   26.67
       0   44.44
       0       0
     2.5       0
    6.54   18.94
    4.24    46.5
    8.82   27.86
    7.25   10.98
      10   33.33
       0       0
     2.8   24.41
      10       0
    4.43   14.09
    6.67    32.7
    4.62   11.25
      10       0
       5       0
    1.33   62.28
    4.05   26.67
    2.14      40
    1.67   54.53
    0.56       0
    1.22       0
    6.91   10.87
    0.67       0
     2.2   27.62
    0.42       0
    1.43   59.08
      10       0
       0       0
    3.94       0
       0   22.22
    2.24    0.05
    0.82    8.89
    9.28       0
       0       0
       5       0
       0       0
    1.51       0
    4.17    7.02
      10       0
       0   22.22
       0       0
    8.33       0
    1.74       0
    4.62    4.44
    0.42       0
       0       0
    7.03    5.58
    1.43       0
    8.91    0.26
       0   66.67
      10   65.99
    7.22    0.78
       0   66.67
    3.33   41.67
     0.3    0.36
    3.74    7.27
       0   66.67
    0.13    1.46
       0       0
    4.89   38.44
    8.89       0
       0       0
       0       0
    7.58    1.88
    9.09    0.69
       0   38.89
       0   59.26
       0   66.67
       0   33.33
    7.84    1.71
    2.35   47.78
     5.3       0
    8.61    0.39
       0   62.22
       0   66.67
      10      10
       0   39.22
    7.54    2.24
    5.15    21.7
    2.12   31.81
    2.55    43.6
    3.03   51.67
      10   61.91
       3    54.7
     8.5       0
    7.88    1.87
    8.31       0
    1.25   37.04
      10   12.12
    9.11       0
    8.13    3.92
    6.24    3.51
     2.5   22.22
    9.53    0.44
    4.84       0
    4.42   25.08
    8.48    2.08
    1.15       0
    5.73       0
     8.3     0.2
      10       0
    3.75       0
    4.74   14.82
    5.54   11.61
     2.5       0
    9.75       0
       0      50
    2.07    3.88
    0.83   13.33
    8.73    0.32
    8.51    2.37
    9.12       0
    6.77    5.41
       0       0
       0       0
    8.28       0
    9.86       0
     2.5       0
    7.92       0
       4       0
    6.73       0
    6.84       0
    3.33   26.32
    1.39       0
    3.92       0
       9       0
    8.18       0
    7.65       0
       0       0
    4.05    5.72
    7.93    9.52
    4.29    15.6
    2.07   19.92
    4.34    1.31
       7       0
    6.24       0
    8.87     0.3
    7.07       0
    8.64       0
    5.33       0
    6.62       0
    7.68    4.78
      10       0
       0       0
    4.79    0.91
    7.53       0
    6.43       0
       0       0
    2.35       8
       0   33.33
    5.71       0
    5.76    2.67
    9.17       0
    5.66    2.63
       0   50.58
    4.65   14.21
    3.85       0
    0.61   43.86
       0   55.56
    3.75    4.94
    1.82       0
    4.26    4.73
       0   32.26
       0    9.52
    9.11    1.54
    8.33       0
    9.38       0
    3.96   11.83
       0       0
    1.25       0
    3.51       0
    3.06    1.11
    3.97       0
    9.23    1.85
    7.91    0.01
    9.92       0
    9.04       0
       0   66.67
    3.82    5.41
       0   33.33
    8.57       0
    6.67       0
    4.21    9.46
    1.88    27.4
    5.91   27.76
       0   66.67
     3.2   25.22
       1    3.42
    9.67       0
    7.53    0.81
    6.91    7.71
     8.2    6.62
    8.05    2.15
       0       0
    4.43     8.6
    7.92    6.18
       0       0
       4   11.11
    3.33    38.1
    6.25   18.84
    9.64       0
    0.71   40.29
    2.93   29.49
    2.22   43.53
    9.59    3.33
    3.04   12.43
       0       0
    2.26   34.21
       0   66.67
    0.58   27.53
       0   60.61
    6.84   20.51
       5       0
       0   61.91
       0   66.67
     7.5       0
    0.22   52.42
      10    6.06
       0   31.29
     2.5   26.67
    2.11    3.33
       0   27.96
    2.43   11.12
       0       0
       0   46.15
    5.68    3.92
       5       0
       0   22.22
       0   66.67
       0   33.33
       0       0
     1.6     2.1
       0   66.67
    0.77   61.45
       0   64.65
    0.19   58.37
    0.98   55.48
       8   65.07
    6.67       0
    6.03       0
    9.62       0
       0   66.67
       0   63.43
    8.64       0
       0   66.67
    6.67   65.32
       0   66.67
    9.63       0
       5   54.55
    1.11   63.18
    8.36       0
    5.04       0
       0       0
       0   53.94
       0   66.67
       0   66.67
       0   66.67
       0   66.67
    3.68    37.8
       0   66.67
       0       0
    6.55    3.59
    9.41       0
       0   66.67
    0.56    8.53
    3.54    3.39
    1.47    9.24
    3.04    5.13
    3.33    6.35
       0       0
       0   22.67
     2.5   46.04
    1.57   16.84
       0       0
       0       0
       0   66.67
       0   66.67
    2.14    2.03
       0       0
       0   66.67
    3.85   36.78
       5   48.49
    3.25    4.82
       0       0
       0       0
       0       0
    2.61   21.57
    5.56       0
     7.5       0
       0   66.67
       0       0
    5.56       0
    5.67    6.06
    1.25       0
       0   66.67
       0       0
       0       0
       0       0
    4.39    8.17
    5.83       0
    7.22    2.21
    7.12    1.43
    6.03    0.97
    3.08       0
     5.9    14.4
       0   66.67
    3.33       0
       0   62.12
       0   66.67
    8.82       0
     6.4       0
       5       0
    3.88       0
       0   66.67
    6.88       0
    5.64    3.33
    6.67       0
      10   13.33
      10   61.67
     7.1       0
       0   22.22
    7.03       0
    5.42       0
       0       0
    8.14       0
    5.46       0
    8.57   12.12
    0.71   43.33
       0   33.33
    6.19    5.56
       0   66.67
    1.92   42.28
    5.74   17.61
    8.53     1.8
       0   57.14
    5.72   27.09
    8.82     2.7
       5       0
       0       0
       5   52.63
    7.29    0.27
    4.83    4.86
    7.22   12.53
    5.25    2.22
     7.5       0
    6.22    10.6
     1.4   53.49
    2.62   47.75
    4.59   17.17
       0   62.86
      10   22.22
       0   66.67
       8   14.04
    1.67   28.57
       0       0
       0   19.05
    4.84   15.15
    4.23   18.59
    1.96   40.66
    3.18    32.2
       5   30.89
       4    12.7
    2.78    2.08
       5   24.24
    2.22   22.95
    1.54    5.88
       0       0
       0   62.07
       0   51.28
       0       0
       0       0
       0   30.44
       0       0
       0       0
    1.09   19.12
       0       0
       5    4.81
       0    3.55
    1.67   10.75
       0   42.42
     7.5       0
    6.67   33.33
       0   66.67
